0 0 10 00000000000000000000000 00000
0 0 00 00000000000000000000000 00001
0 0 00 00000000000000000000000 00010
0 0 00 00000000000000000000001 00011
0 0 00 00000000000000000000000 00100
0 0 00 00000000000000000000000 00101
0 1 00 11000 00000 00100 00000110 00000
0 0 01 00010 00000 00011 00000000 00101
0 1 00 11000 00101 00100 00000010 00000  
0 0 01 00000 00001 00011 00000000 00001
0 0 01 00101 00000 00000 00000001 00000
1 0 00 00000 00000 00000 11111011 00000
0 1 00 11000 00001 00100 00000101 00000
0 0 01 00100 00010 00000 00000001 00010
0 0 01 00011 00010 00011 00000000 00010
0 0 01 00001 00001 00011 00000000 00001  
1 0 00 00000 00000 00000 11111100 00000
1 0 00 00000 00010 00000 00000000 00000
